1.3849960708e-21 2.5000000000e-09
2.1940791325e-21 2.9993583114e-09
3.0031621943e-21 3.3961828625e-09
4.1473299912e-21 3.8590727248e-09
5.6750866960e-21 4.3691513282e-09
7.7315297697e-21 4.9380418289e-09
1.0476685175e-20 5.5691429721e-09
1.4126767343e-20 6.2686648398e-09
1.8956474229e-20 7.0425322213e-09
2.5318618914e-20 7.8972914752e-09
3.3662713462e-20 8.8398801005e-09
4.4559851863e-20 9.8777210927e-09
5.8732644132e-20 1.1018725529e-08
7.7092130360e-20 1.2271322302e-08
1.0078280110e-19 1.3644481009e-08
1.3123745211e-19 1.5147737748e-08
1.7024377853e-19 1.6791221030e-08
2.2002499638e-19 1.8585678624e-08
2.8333716213e-19 2.0542505110e-08
3.6358632380e-19 2.2673770211e-08
4.6496916270e-19 2.4992247911e-08
5.9264139253e-19 2.7511446345e-08
7.5291887810e-19 3.0245638499e-08
9.5351723296e-19 3.3209893702e-08
1.2038365664e-18 3.6420109940e-08
1.5152990886e-18 3.9893046987e-08
1.9017484667e-18 4.3646360370e-08
2.3799211668e-18 4.7698636171e-08
2.9700015461e-18 5.2069426682e-08
3.6962741818e-18 5.6779286910e-08
4.5878888801e-18 6.1849811957e-08
5.6797560147e-18 6.7303675270e-08
7.0135923243e-18 7.3164667779e-08
8.6391401016e-18 7.9457737926e-08
1.0615585845e-17 8.6209032598e-08
1.3013207976e-17 9.3445938974e-08
1.5915287164e-17 1.0119712729e-07
1.9420317244e-17 1.0949259453e-07
2.3644559625e-17 1.1836370908e-07
2.8724989635e-17 1.2784325630e-07
3.4822689342e-17 1.3796548506e-07
4.2126748298e-17 1.4876615529e-07
5.0858741183e-17 1.6028258643e-07
6.1277859838e-17 1.7255370693e-07
7.3686786465e-17 1.8562010473e-07
8.8438405244e-17 1.9952407874e-07
1.0594346098e-16 2.1430969135e-07
1.2667928616e-16 2.3002282194e-07
1.5119973183e-16 2.4671122148e-07
1.8014645303e-16 2.6442456812e-07
2.1426171676e-16 2.8321452390e-07
2.5440291888e-16 3.0313479245e-07
3.0155901744e-16 3.2424117785e-07
3.5686911200e-16 3.4659164456e-07
4.2164342380e-16 3.7024637840e-07
4.9738695896e-16 3.9526784872e-07
5.8582616593e-16 4.2172087165e-07
6.8893893259e-16 4.4967267449e-07
8.0898830258e-16 4.7919296124e-07
9.4856033068e-16 5.1035397938e-07
1.1106065390e-15 5.4323058766e-07
1.2984914829e-15 5.7790032520e-07
1.5160459857e-15 6.1444348176e-07
1.7676266570e-15 6.5294316922e-07
2.0581823695e-15 6.9348539421e-07
2.3933284342e-15 7.3615913213e-07
2.7794292867e-15 7.8105640230e-07
3.2236905704e-15 8.2827234433e-07
3.7342615935e-15 8.7790529601e-07
4.3203492192e-15 9.3005687217e-07
4.9923443524e-15 9.8483204505e-07
5.7619622952e-15 1.0423392260e-06
6.6423983484e-15 1.1026903483e-06
7.6485001761e-15 1.1660009518e-06
8.7969585745e-15 1.2323902683e-06
1.0106518434e-14 1.3019813088e-06
1.1598211848e-14 1.3749009520e-06
1.3295615475e-14 1.4512800341e-06
1.5225134481e-14 1.5312534402e-06
1.7416315530e-14 1.6149601973e-06
1.9902191555e-14 1.7025435679e-06
2.2719661270e-14 1.7941511471e-06
2.5909906544e-14 1.8899349580e-06
2.9518851198e-14 1.9900515525e-06
3.3597664844e-14 2.0946621098e-06
3.8203315959e-14 2.2039325399e-06
4.3399178364e-14 2.3180335857e-06
4.9255696129e-14 2.4371409297e-06
5.5851111668e-14 2.5614352990e-06
6.3272262886e-14 2.6911025754e-06
7.1615455013e-14 2.8263339039e-06
8.0987413900e-14 2.9673258064e-06
9.1506327255e-14 3.1142802935e-06
1.0330298166e-13 3.2674049802e-06
1.1652200341e-13 3.4269132046e-06
1.3132321125e-13 3.5930241442e-06
1.4788309117e-13 3.7659629381e-06
1.6639640265e-13 3.9459608101e-06
1.8707792722e-13 4.1332551925e-06
2.1016437104e-13 4.3280898527e-06
2.3591643359e-13 4.5307150202e-06
2.6462105660e-13 4.7413875201e-06
2.9659386616e-13 4.9603709028e-06
3.3218182460e-13 5.1879355794e-06
3.7176610780e-13 5.4243589576e-06
4.1576522638e-13 5.6699255826e-06
4.6463840846e-13 5.9249272771e-06
5.1888926441e-13 6.1896632806e-06
5.7906975746e-13 6.4644404018e-06
6.4578449884e-13 6.7495731586e-06
7.1969539714e-13 7.0453839331e-06
8.0152668521e-13 7.3522031234e-06
8.9207035348e-13 7.6703692971e-06
9.9219202005e-13 8.0002293473e-06
1.1028372717e-12 8.3421386564e-06
1.2250385066e-12 8.6964612554e-06
1.3599223174e-12 9.0635699865e-06
1.5087174583e-12 9.4438466786e-06
1.6727634265e-12 9.8376823072e-06
1.8535197184e-12 1.0245477176e-05
2.0525757929e-12 1.0667641087e-05
2.2716618051e-12 1.1104593523e-05
2.5126601569e-12 1.1556763831e-05
2.7776179193e-12 1.2024591396e-05
3.0687602069e-12 1.2508525846e-05
3.3885045372e-12 1.3009027226e-05
3.7394762767e-12 1.3526566201e-05
4.1245252383e-12 1.4061624259e-05
4.5467434792e-12 1.4614693895e-05
5.0094844428e-12 1.5186278831e-05
5.5163834757e-12 1.5776894218e-05
6.0713798416e-12 1.6387066843e-05
6.6787403436e-12 1.7017335352e-05
7.3430846294e-12 1.7668250464e-05
8.0694123215e-12 1.8340375193e-05
8.8631320765e-12 1.9034285071e-05
9.7300927337e-12 1.9750568399e-05
1.0676616612e-11 2.0489826450e-05
1.1709535198e-11 2.1252673727e-05
1.2836227325e-11 2.2039738213e-05
1.4064659976e-11 2.2851661593e-05
1.5403431944e-11 2.3689099515e-05
1.6861820581e-11 2.4552721889e-05
1.8449831555e-11 2.5443213064e-05
2.0178252296e-11 2.6361272184e-05
2.2058708795e-11 2.7307613383e-05
2.4103726545e-11 2.8282966130e-05
2.6326795311e-11 2.9288075449e-05
2.8742438499e-11 3.0323702240e-05
3.1366287071e-11 3.1390623577e-05
3.4215158343e-11 3.2489632972e-05
3.7307140189e-11 3.3621540725e-05
4.0661680569e-11 3.4787174180e-05
4.4299683262e-11 3.5987378090e-05
4.8243609737e-11 3.7223014937e-05
5.2517587356e-11 3.8494965158e-05
5.7147525681e-11 3.9804127689e-05
6.2161238860e-11 4.1151420078e-05
6.7588577011e-11 4.2537778930e-05
7.3461566394e-11 4.3964160405e-05
7.9814556723e-11 4.5431540271e-05
8.6684380312e-11 4.6940914550e-05
9.4110519754e-11 4.8493299769e-05
1.0213528674e-10 5.0089733351e-05
1.1080401253e-10 5.1731274057e-05
1.2016524982e-10 5.3419002322e-05
1.3027098799e-10 5.5154020712e-05
1.4117688149e-10 5.6937454335e-05
1.5294249278e-10 5.8770451284e-05
1.6563154974e-10 6.0654182991e-05
1.7931222017e-10 6.2589844756e-05
1.9405740292e-10 6.4578656218e-05
2.0994503637e-10 6.6621861734e-05
2.2705842653e-10 6.8720730877e-05
2.4548659707e-10 7.0876559113e-05
2.6532465488e-10 7.3090667824e-05
2.8667418764e-10 7.5364405426e-05
3.0964367597e-10 7.7699147414e-05
3.3434893545e-10 8.0096296970e-05
3.6091358884e-10 8.2557285870e-05
3.8946955712e-10 8.5083574476e-05
4.2015759138e-10 8.7676652785e-05
4.5312782608e-10 9.0338040543e-05
4.8854037719e-10 9.3069288340e-05
5.2656596563e-10 9.5871977859e-05
5.6738658254e-10 9.8747722509e-05
6.1119619866e-10 1.0169816837e-04
6.5820150397e-10 1.0472499431e-04
7.0862270977e-10 1.0782991336e-04
7.6269437220e-10 1.1101467244e-04
8.2066629527e-10 1.1428105397e-04
8.8280446163e-10 1.1763087595e-04
9.4939203604e-10 1.2106599317e-04
1.0207304148e-09 1.2458829755e-04
1.0971403384e-09 1.2819971877e-04
1.1789630873e-09 1.3190222569e-04
1.2665617212e-09 1.3569782651e-04
1.3603224148e-09 1.3958857010e-04
1.4606558431e-09 1.4357654607e-04
1.5679986813e-09 1.4766388634e-04
1.6828151734e-09 1.5185276585e-04
1.8055987869e-09 1.5614540324e-04
1.9368739694e-09 1.6054406167e-04
2.0771980158e-09 1.6505105006e-04
2.2271630265e-09 1.6966872369e-04
2.3873980062e-09 1.7439948577e-04
2.5585710377e-09 1.7924578755e-04
2.7413916417e-09 1.8421013029e-04
2.9366132022e-09 1.8929506529e-04
3.1450356049e-09 1.9450319588e-04
3.3675079646e-09 1.9983717785e-04
3.6049315382e-09 2.0529972067e-04
3.8582628024e-09 2.1089358863e-04
4.1285167323e-09 2.1662160260e-04
4.4167702131e-09 2.2248664053e-04
4.7241656615e-09 2.2849163849e-04
5.0519149034e-09 2.3463959258e-04
5.4013032126e-09 2.4093355982e-04
5.7736935781e-09 2.4737665895e-04
6.1705313142e-09 2.5397207315e-04
6.5933487838e-09 2.6072305012e-04
7.0437704678e-09 2.6763290360e-04
7.5235183451e-09 2.7470501525e-04
8.0344175624e-09 2.8194283629e-04
8.5784022840e-09 2.8934988724e-04
9.1575222568e-09 2.9692976292e-04
9.7739491846e-09 3.0468613000e-04
1.0429984010e-08 3.1262273170e-04
1.1128064162e-08 3.2074338695e-04
1.1870771684e-08 3.2905199526e-04
1.2660841133e-08 3.3755253369e-04
1.3501168643e-08 3.4624906205e-04
1.4394821323e-08 3.5514572587e-04
1.5345046554e-08 3.6424675322e-04
1.6355282831e-08 3.7355646173e-04
1.7429170438e-08 3.8307925795e-04
1.8570562901e-08 3.9281963877e-04
1.9783539332e-08 4.0278219491e-04
2.1072417177e-08 4.1297161199e-04
2.2441765897e-08 4.2339267344e-04
2.3896421116e-08 4.3405026118e-04
2.5441500037e-08 4.4494935982e-04
2.7082416963e-08 4.5609505562e-04
2.8824900812e-08 4.6749254323e-04
3.0675012128e-08 4.7914712248e-04
3.2639163031e-08 4.9106420815e-04
3.4724135413e-08 5.0324932198e-04
3.6937104329e-08 5.1570810960e-04
3.9285657134e-08 5.2844632553e-04
4.1777819367e-08 5.4146985025e-04
4.4422078294e-08 5.5478468626e-04
4.7227408729e-08 5.6839695983e-04
5.0203301533e-08 5.8231292876e-04
5.3359791756e-08 5.9653898063e-04
5.6707489531e-08 6.1108163708e-04
6.0257612757e-08 6.2594755805e-04
6.4022020397e-08 6.4114354122e-04
6.8013249627e-08 6.5667652972e-04
7.2244552367e-08 6.7255360918e-04
7.6729937602e-08 6.8878201930e-04
8.1484211552e-08 7.0536914867e-04
8.6523024145e-08 7.2232254448e-04
9.1862914302e-08 7.3964990926e-04
9.7521362308e-08 7.5735911283e-04
1.0351684003e-07 7.7545818799e-04
1.0986886790e-07 7.9395533886e-04
1.1659807275e-07 8.1285894228e-04
1.2372625078e-07 8.3217755468e-04
1.3127643072e-07 8.5191991024e-04
1.3927294401e-07 8.7209492848e-04
1.4774149778e-07 8.9271171906e-04
1.5670925213e-07 9.1377958694e-04
1.6620489808e-07 9.3530802959e-04
1.7625874606e-07 9.5730674858e-04
1.8690281558e-07 9.7978565252e-04
1.9817092770e-07 1.0027548561e-03
2.1009881094e-07 1.0262246959e-03
2.2272420051e-07 1.0502057214e-03
2.3608695486e-07 1.0747087095e-03
2.5022917081e-07 1.0997446635e-03
2.6519531117e-07 1.1253248245e-03
2.8103233048e-07 1.1514606659e-03
2.9778982496e-07 1.1781639182e-03
3.1552016414e-07 1.2054465493e-03
3.3427865382e-07 1.2333207853e-03
3.5412370024e-07 1.2617991164e-03
3.7511697059e-07 1.2908942873e-03
3.9732360049e-07 1.3206193386e-03
4.2081234596e-07 1.3509875591e-03
4.4565581510e-07 1.3820125332e-03
4.7193068627e-07 1.4137081507e-03
4.9971788921e-07 1.4460885611e-03
5.2910290655e-07 1.4791682568e-03
5.6017596521e-07 1.5129620102e-03
5.9303233473e-07 1.5474849203e-03
6.2777259810e-07 1.5827524104e-03
6.6450293479e-07 1.6187802238e-03
7.0333544200e-07 1.6555844428e-03
7.4438847767e-07 1.6931815100e-03
7.8778695782e-07 1.7315881911e-03
8.3366275574e-07 1.7708216163e-03
8.8215511310e-07 1.8108993092e-03
9.3341096938e-07 1.8518391299e-03
9.8758545780e-07 1.8936593416e-03
1.0448423326e-06 1.9363785971e-03
1.1053544269e-06 1.9800159348e-03
1.1693041945e-06 2.0245908160e-03
1.2368842025e-06 2.0701231067e-03
1.3082977053e-06 2.1166330974e-03
1.3837592686e-06 2.1641415338e-03
1.4634953006e-06 2.2126695675e-03
1.5477448085e-06 2.2622388299e-03
1.6367600454e-06 2.3128714115e-03
1.7308072394e-06 2.3645898713e-03
1.8301673556e-06 2.4174172429e-03
1.9351369472e-06 2.4713770654e-03
2.0460289938e-06 2.5264933815e-03
2.1631737731e-06 2.5827907326e-03
2.2869198769e-06 2.6402942002e-03
2.4176351998e-06 2.6990294060e-03
2.5557079649e-06 2.7590225070e-03
2.7015478784e-06 2.8203002222e-03
2.8555873462e-06 2.8828898584e-03
3.0182826157e-06 2.9468192775e-03
3.1901152312e-06 3.0121169661e-03
3.3715933567e-06 3.0788120193e-03
3.5632531958e-06 3.1469341376e-03
3.7656605854e-06 3.2165136586e-03
3.9794127044e-06 3.2875815958e-03
4.2051396528e-06 3.3601696032e-03
4.4435064002e-06 3.4343100333e-03
4.6952145079e-06 3.5100358907e-03
4.9610044907e-06 3.5873809510e-03
5.2416575869e-06 3.6663796649e-03
5.5379981958e-06 3.7470672314e-03
5.8508963629e-06 3.8294796404e-03
6.1812699596e-06 3.9136536017e-03
6.5300876792e-06 3.9996266550e-03
6.8983715584e-06 4.0874371169e-03
7.2872001483e-06 4.1771241545e-03
7.6977113756e-06 4.2687277452e-03
8.1311061870e-06 4.3622887773e-03
8.5886514965e-06 4.4578489553e-03
9.0716842668e-06 4.5554509148e-03
9.5816152677e-06 4.6551382188e-03
1.0119933002e-05 4.7569553504e-03
1.0688208115e-05 4.8609477580e-03
1.1288097807e-05 4.9671618545e-03
1.1921351071e-05 5.0756451202e-03
1.2589812612e-05 5.1864459310e-03
1.3295429865e-05 5.2996138683e-03
1.4040256589e-05 5.4151994102e-03
1.4826460849e-05 5.5332542851e-03
1.5656329583e-05 5.6538312312e-03
1.6532276353e-05 5.7769841966e-03
1.7456847311e-05 5.9027682217e-03
1.8432729838e-05 6.0312396431e-03
1.9462758868e-05 6.1624559251e-03
2.0549925926e-05 6.2964758042e-03
2.1697387968e-05 6.4333593373e-03
2.2908475733e-05 6.5731678353e-03
2.4186703917e-05 6.7159639605e-03
2.5535780734e-05 6.8618116902e-03
2.6959620385e-05 7.0107765341e-03
2.8462351241e-05 7.1629252322e-03
3.0048331424e-05 7.3183261663e-03
3.1722158582e-05 7.4770491000e-03
3.3488684530e-05 7.6391653488e-03
3.5353029318e-05 7.8047478105e-03
3.7320595295e-05 7.9738709318e-03
3.9397084514e-05 8.1466108934e-03
4.1588512628e-05 8.3230454209e-03
4.3901228879e-05 8.5032540351e-03
4.6341933224e-05 8.6873179800e-03
4.8917696054e-05 8.8753202826e-03
5.1635979165e-05 9.0673458235e-03
5.4504657702e-05 9.2634813884e-03
5.7532041308e-05 9.4638155905e-03
6.0726902383e-05 9.6684391807e-03
6.4098495441e-05 9.8774446858e-03
6.7656591237e-05 1.0090926908e-02
7.1411500282e-05 1.0308982653e-02
7.5374106358e-05 1.0531710975e-02
7.9555895516e-05 1.0759213061e-02
8.3968991198e-05 1.0991592367e-02
8.8626193621e-05 1.1228954861e-02
9.3541007618e-05 1.1471408568e-02
9.8727695180e-05 1.1719064282e-02
1.0420130726e-04 1.1972035101e-02
1.0997773569e-04 1.2230436847e-02
1.1607375383e-04 1.2494387831e-02
1.2250707032e-04 1.2764009105e-02
1.2929638393e-04 1.3039424611e-02
1.3646143385e-04 1.3320761026e-02
1.4402306259e-04 1.3608147995e-02
1.5200327790e-04 1.3901718188e-02
1.6042531678e-04 1.4201607302e-02
1.6931371730e-04 1.4507954219e-02
1.7869439136e-04 1.4820901046e-02
1.8859470681e-04 1.5140593329e-02
1.9904356344e-04 1.5467179917e-02
2.1007148776e-04 1.5800813283e-02
2.2171072215e-04 1.6141649498e-02
2.3399532279e-04 1.6489848320e-02
2.4696126717e-04 1.6845573391e-02
2.6064656609e-04 1.7208992378e-02
2.7509137124e-04 1.7580276832e-02
2.9033811500e-04 1.7959602709e-02
3.0643162717e-04 1.8347150110e-02
3.2341929203e-04 1.8743103828e-02
3.4135116769e-04 1.9147652797e-02
3.6028018415e-04 1.9560991182e-02
3.8026226887e-04 1.9983317575e-02
4.0135656668e-04 2.0414836078e-02
4.2362558936e-04 2.0855755628e-02
4.4713543977e-04 2.1306290669e-02
4.7195601746e-04 2.1766661177e-02
4.9816124841e-04 2.2237092906e-02
5.2582933225e-04 2.2717817684e-02
5.5504297317e-04 2.3209073174e-02
5.8588968268e-04 2.3711103625e-02
6.1846205194e-04 2.4224159773e-02
6.5285809143e-04 2.4748499557e-02
6.8918150644e-04 2.5284387519e-02
7.2754210554e-04 2.5832095942e-02
7.6805614363e-04 2.6391904636e-02
8.1084671808e-04 2.6964101192e-02
8.5604425729e-04 2.7548982095e-02
9.0378689590e-04 2.8146851953e-02
9.5422100343e-04 2.8758024390e-02
1.0075017194e-03 2.9382822558e-02
1.0637934911e-03 3.0021579256e-02
1.1232707327e-03 3.0674638010e-02
1.1861183402e-03 3.1342352097e-02
1.2525325699e-03 3.2025087068e-02
1.3227215954e-03 3.2723219284e-02
1.3969064495e-03 3.3437137974e-02
1.4753218183e-03 3.4167245147e-02
1.5582169824e-03 3.4913956396e-02
1.6458567576e-03 3.5677701097e-02
1.7385227562e-03 3.6458924767e-02
1.8365142411e-03 3.7258087211e-02
1.9401497237e-03 3.8075666278e-02
2.0497680973e-03 3.8912156879e-02
2.1657302303e-03 3.9768072949e-02
2.2884204432e-03 4.0643947619e-02
2.4182484649e-03 4.1540335976e-02
2.5556511034e-03 4.2457814741e-02
2.7010944831e-03 4.3396984894e-02
2.8550762518e-03 4.4358472849e-02
3.0181280049e-03 4.5342931882e-02
3.1908179897e-03 4.6351044040e-02
3.3737543243e-03 4.7383523618e-02
3.5675879373e-03 4.8441117479e-02
3.7730163827e-03 4.9524608801e-02
3.9907877861e-03 5.0634819618e-02
4.2217052940e-03 5.1772614100e-02
4.4666319015e-03 5.2938901625e-02
4.7264961412e-03 5.4134641749e-02
5.0022977814e-03 5.5360846671e-02
5.2951151189e-03 5.6618588276e-02
5.6061125590e-03 5.7909003122e-02
5.9365488365e-03 5.9233296940e-02
6.2877875791e-03 6.0592754940e-02
6.6613074957e-03 6.1988746240e-02
7.0587159701e-03 6.3422736773e-02
7.4817627598e-03 6.4896296955e-02
7.9323571050e-03 6.6411115689e-02
8.4125867392e-03 6.7969013828e-02
8.9247398577e-03 6.9571959713e-02
9.4713317140e-03 7.1222090441e-02
1.0055134328e-02 7.2921732132e-02
1.0679212203e-02 7.4673426254e-02
1.1346965458e-02 7.6479962873e-02
1.2062179125e-02 7.8344414272e-02
1.2829085161e-02 8.0270182883e-02
1.3652433945e-02 8.2261049906e-02
1.4537585034e-02 8.4321243619e-02
1.5490613751e-02 8.6455511123e-02
1.6518450360e-02 8.8669223237e-02
1.7629038939e-02 9.0968471780e-02
1.8831560811e-02 9.3360240977e-02
2.0136676048e-02 9.5852536482e-02
2.1556904351e-02 9.8454688161e-02
2.3106965726e-02 1.0117745314e-01
2.4804549714e-02 1.0403372451e-01
2.6670478921e-02 1.0703801272e-01
2.8731412988e-02 1.1020975510e-01
3.1014606272e-02 1.1356417848e-01
3.3579270582e-02 1.1715547874e-01
3.6357304268e-02 1.2085957930e-01
3.8311947069e-02 1.2336221513e-01
4.0333924037e-02 1.2586938175e-01
4.2420087121e-02 1.2837595041e-01
4.4573109461e-02 1.3088407901e-01
4.6797128550e-02 1.3339729981e-01
4.9096236759e-02 1.3591867820e-01
5.1474193834e-02 1.3845056297e-01
5.3934484593e-02 1.4099473326e-01
5.6480418737e-02 1.4355256643e-01
5.9115203496e-02 1.4612515514e-01
6.1841995269e-02 1.4871338776e-01
6.4663926470e-02 1.5131799477e-01
6.7584132165e-02 1.5393958864e-01
7.0605760660e-02 1.5657868438e-01
7.3731986909e-02 1.5923571989e-01
7.6966020079e-02 1.6191106888e-01
8.0311110826e-02 1.6460505190e-01
8.3770554590e-02 1.6731794299e-01
8.7347696258e-02 1.7004997657e-01
9.1045935693e-02 1.7280135416e-01
9.4868727687e-02 1.7557224630e-01
9.8819585712e-02 1.7836279693e-01
1.0290208515e-01 1.8117312697e-01
1.0711986367e-01 1.8400333553e-01
1.1147662244e-01 1.8685350165e-01
1.1597613040e-01 1.8972368771e-01
1.2062222272e-01 1.9261393894e-01
1.2541880381e-01 1.9552428570e-01
1.3036984928e-01 1.9845474495e-01
1.3547940396e-01 2.0140531931e-01
1.4075158533e-01 2.0437599922e-01
1.4619058564e-01 2.0736676423e-01
1.5180067101e-01 2.1037758252e-01
1.5758618180e-01 2.1340841110e-01
1.6355153422e-01 2.1645919677e-01
1.6970122303e-01 2.1952987735e-01
1.7603982127e-01 2.2262038153e-01
1.8257197977e-01 2.2573062846e-01
1.8930242861e-01 2.2886052844e-01
1.9623597878e-01 2.3200998363e-01
2.0337752148e-01 2.3517888755e-01
2.1073203046e-01 2.3836712606e-01
2.1830456273e-01 2.4157457751e-01
2.2610025641e-01 2.4480111172e-01
2.3412433490e-01 2.4804659162e-01
2.4238210662e-01 2.5131087299e-01
2.5087896455e-01 2.5459380416e-01
2.5962038767e-01 2.5789522645e-01
2.6861194314e-01 2.6121497486e-01
2.7785928262e-01 2.6455287659e-01
2.8736814779e-01 2.6790875297e-01
2.9714436628e-01 2.7128241788e-01
3.0719385797e-01 2.7467367988e-01
3.1752262953e-01 2.7808234016e-01
3.2813677947e-01 2.8150819422e-01
3.3904249509e-01 2.8495103076e-01
3.5024605779e-01 2.8841063327e-01
3.6175384112e-01 2.9188677932e-01
3.7357230796e-01 2.9537923963e-01
3.8570801448e-01 2.9888777924e-01
3.9816761386e-01 3.0241215852e-01
4.1095784919e-01 3.0595213101e-01
4.2408556070e-01 3.0950744547e-01
4.3755768407e-01 3.1307784529e-01
4.5138124714e-01 3.1666306766e-01
4.6556337568e-01 3.2026284499e-01
4.8011129409e-01 3.2387690507e-01
4.9503231934e-01 3.2750496951e-01
5.1033387208e-01 3.3114675646e-01
5.2602346553e-01 3.3480197788e-01
5.4210871339e-01 3.3847034145e-01
5.5859732753e-01 3.4215155000e-01
5.7549712220e-01 3.4584530246e-01
5.9281600843e-01 3.4955129259e-01
6.1056199906e-01 3.5326921012e-01
6.2874320943e-01 3.5699874086e-01
6.4736785521e-01 3.6073956624e-01
6.6644425008e-01 3.6449136294e-01
6.8598081747e-01 3.6825380521e-01
7.0598607685e-01 3.7202656215e-01
7.2646865827e-01 3.7580930060e-01
7.4743729049e-01 3.7960168287e-01
7.6890081127e-01 3.8340336866e-01
7.9086815579e-01 3.8721401309e-01
8.1334837388e-01 3.9103326968e-01
8.3635061652e-01 3.9486078809e-01
8.5988414436e-01 3.9869621558e-01
8.8395832225e-01 4.0253919615e-01
9.0858262490e-01 4.0638937149e-01
9.3376663945e-01 4.1024638143e-01
9.5952005461e-01 4.1410986227e-01
9.8585267530e-01 4.1797944907e-01
1.0127744130e+00 4.2185477429e-01
1.0402952934e+00 4.2573546887e-01
1.0684254547e+00 4.2962116208e-01
1.0971751424e+00 4.3351148080e-01
1.1265547206e+00 4.3740605120e-01
1.1565746682e+00 4.4130449811e-01
1.1872455718e+00 4.4520644431e-01
1.2185781460e+00 4.4911151305e-01
1.2505832109e+00 4.5301932527e-01
1.2832717127e+00 4.5692950225e-01
1.3166547056e+00 4.6084166336e-01
1.3507433738e+00 4.6475542884e-01
1.3855490144e+00 4.6867041773e-01
1.4210830477e+00 4.7258624911e-01
1.4573570187e+00 4.7650254234e-01
1.4943825905e+00 4.8041891634e-01
1.5321715573e+00 4.8433499097e-01
1.5707358308e+00 4.8825038569e-01
1.6100874579e+00 4.9216472139e-01
1.6502386059e+00 4.9607761889e-01
1.6912015750e+00 4.9998870021e-01
1.7329887907e+00 5.0389758790e-01
1.7756128197e+00 5.0780390647e-01
1.8190863509e+00 5.1170728071e-01
1.8634222085e+00 5.1560733688e-01
1.9086333616e+00 5.1950370355e-01
1.9547329012e+00 5.2339600963e-01
2.0017340699e+00 5.2728388686e-01
2.0496502381e+00 5.3116696791e-01
2.0984949274e+00 5.3504488821e-01
2.1482818027e+00 5.3891728530e-01
2.1990246678e+00 5.4278379854e-01
2.2507374752e+00 5.4664406976e-01
2.3034343194e+00 5.5049774286e-01
2.3571294532e+00 5.5434446492e-01
2.4118372835e+00 5.5818388586e-01
2.4675723554e+00 5.6201565733e-01
2.5243493908e+00 5.6583943533e-01
2.5821832506e+00 5.6965487758e-01
2.6410889560e+00 5.7346164502e-01
2.7010817068e+00 5.7725940285e-01
2.7621768517e+00 5.8104781859e-01
2.8243899078e+00 5.8482656334e-01
2.8877365607e+00 5.8859531165e-01
2.9522326664e+00 5.9235374165e-01
3.0178942626e+00 5.9610153561e-01
3.0847375485e+00 5.9983837871e-01
3.1527789093e+00 6.0356396040e-01
3.2220349049e+00 6.0727797371e-01
3.2925222851e+00 6.1098011596e-01
3.3642579818e+00 6.1467008831e-01
3.4372591147e+00 6.1834759596e-01
3.5115429982e+00 6.2201234844e-01
3.5871271303e+00 6.2566405896e-01
3.6640292182e+00 6.2930244561e-01
3.7422671722e+00 6.3292723091e-01
3.8218590962e+00 6.3653814130e-01
3.9028232932e+00 6.4013490732e-01
3.9851782971e+00 6.4371726495e-01
4.0689428411e+00 6.4728495407e-01
4.1541358773e+00 6.5083771923e-01
4.2407765744e+00 6.5437530944e-01
4.3288843304e+00 6.5789747859e-01
4.4184787693e+00 6.6140398519e-01
4.5095797438e+00 6.6489459237e-01
4.6022073453e+00 6.6836906815e-01
4.6963818925e+00 6.7182718486e-01
4.7921239663e+00 6.7526872037e-01
4.8894543842e+00 6.7869345694e-01
4.9883942010e+00 6.8210118119e-01
5.0889647476e+00 6.8549168534e-01
5.1911876064e+00 6.8886476613e-01
5.2950846183e+00 6.9222022504e-01
5.4006779078e+00 6.9555786885e-01
5.5079898499e+00 6.9887750854e-01
5.6170431141e+00 7.0217896050e-01
5.7278606583e+00 7.0546204614e-01
5.8404657100e+00 7.0872659121e-01
5.9548818047e+00 7.1197242681e-01
6.0711327597e+00 7.1519938845e-01
6.1892427139e+00 7.1840731701e-01
6.3092361133e+00 7.2159605819e-01
6.4311377011e+00 7.2476546210e-01
6.5549725635e+00 7.2791538427e-01
6.6807660985e+00 7.3104568470e-01
6.8085440385e+00 7.3415622829e-01
6.9383324560e+00 7.3724688476e-01
7.0701577633e+00 7.4031752853e-01
7.2040467357e+00 7.4336803908e-01
7.3400264851e+00 7.4639830012e-01
7.4781245050e+00 7.4940820052e-01
7.6183686599e+00 7.5239763383e-01
7.7607871791e+00 7.5536649799e-01
7.9054086934e+00 7.5831469594e-01
8.0522622051e+00 7.6124213479e-01
8.2013771352e+00 7.6414872665e-01
8.3527833057e+00 7.6703438803e-01
8.5065109477e+00 7.6989903984e-01
8.6625907213e+00 7.7274260763e-01
8.8210537033e+00 7.7556502109e-01
8.9819314339e+00 7.7836621480e-01
9.1452558845e+00 7.8114612739e-01
9.3110594925e+00 7.8390470199e-01
9.4793751530e+00 7.8664188592e-01
9.6502362270e+00 7.8935763058e-01
9.8236765881e+00 7.9205189209e-01
9.9997305660e+00 7.9472463013e-01
1.0178433013e+01 7.9737580882e-01
1.0359819309e+01 8.0000539659e-01
1.0543925335e+01 8.0261336558e-01
1.0730787504e+01 8.0519969189e-01
1.0920442798e+01 8.0776435594e-01
1.1112928722e+01 8.1030734158e-01
1.1308283351e+01 8.1282863661e-01
1.1506545360e+01 8.1532823292e-01
1.1707753994e+01 8.1780612589e-01
1.1911949108e+01 8.2026231474e-01
1.2119171161e+01 8.2269680224e-01
1.2329461242e+01 8.2510959481e-01
1.2542861104e+01 8.2750070272e-01
1.2759413098e+01 8.2987013914e-01
1.2979160277e+01 8.3221792111e-01
1.3202146355e+01 8.3454406890e-01
1.3428415766e+01 8.3684860642e-01
1.3658013632e+01 8.3913156064e-01
1.3890985764e+01 8.4139296149e-01
1.4127378780e+01 8.4363284281e-01
1.4367239978e+01 8.4585124083e-01
1.4610617469e+01 8.4804819536e-01
1.4857560135e+01 8.5022374909e-01
1.5108117650e+01 8.5237794763e-01
1.5362340519e+01 8.5451083963e-01
1.5620280091e+01 8.5662247673e-01
1.5881988517e+01 8.5871291293e-01
1.6147518854e+01 8.6078220534e-01
1.6416925054e+01 8.6283041380e-01
1.6690261964e+01 8.6485760075e-01
1.6967585365e+01 8.6686383124e-01
1.7248951978e+01 8.6884917287e-01
1.7534419481e+01 8.7081369565e-01
1.7824046560e+01 8.7275747216e-01
1.8117892900e+01 8.7468057735e-01
1.8416019204e+01 8.7658308838e-01
1.8718487252e+01 8.7846508488e-01
1.9025359897e+01 8.8032664867e-01
1.9336701080e+01 8.8216786370e-01
1.9652575901e+01 8.8398881623e-01
1.9973050560e+01 8.8578959432e-01
2.0298192475e+01 8.8757028832e-01
2.0628070191e+01 8.8933099014e-01
2.0962753598e+01 8.9107179426e-01
2.1302313739e+01 8.9279279649e-01
2.1646823009e+01 8.9449409481e-01
2.1996355062e+01 8.9617578873e-01
2.2350984949e+01 8.9783797976e-01
2.2710789017e+01 8.9948077071e-01
2.3075845099e+01 9.0110426642e-01
2.3446232401e+01 9.0270857302e-01
2.3822031639e+01 9.0429379838e-01
2.4203325021e+01 9.0586005180e-01
2.4590196245e+01 9.0740744382e-01
2.4982730654e+01 9.0893608669e-01
2.5381015153e+01 9.1044609383e-01
2.5785138277e+01 9.1193757989e-01
2.6195190289e+01 9.1341066096e-01
2.6611263155e+01 9.1486545425e-01
2.7033450580e+01 9.1630207806e-01
2.7461848093e+01 9.1772065191e-01
2.7896553064e+01 9.1912129635e-01
2.8337664787e+01 9.2050413310e-01
2.8785284410e+01 9.2186928458e-01
2.9239515158e+01 9.2321687451e-01
2.9700462222e+01 9.2454702730e-01
3.0168232898e+01 9.2585986830e-01
3.0642936568e+01 9.2715552360e-01
3.1124684815e+01 9.2843412014e-01
3.1613591478e+01 9.2969578567e-01
3.2109772631e+01 9.3094064852e-01
3.2613346706e+01 9.3216883775e-01
3.3124434533e+01 9.3338048303e-01
3.3643159409e+01 9.3457571469e-01
3.4169647099e+01 9.3575466349e-01
3.4704026023e+01 9.3691746087e-01
3.5246427200e+01 9.3806423867e-01
3.5796984283e+01 9.3919512905e-01
3.6355833798e+01 9.4031026477e-01
3.6923115147e+01 9.4140977902e-01
3.7498970510e+01 9.4249380509e-01
3.8083545141e+01 9.4356247674e-01
3.8676987326e+01 9.4461592796e-01
3.9279448494e+01 9.4565429297e-01
3.9891083311e+01 9.4667770627e-01
4.0512049779e+01 9.4768630257e-01
4.1142509209e+01 9.4868021660e-01
4.1782626400e+01 9.4965958326e-01
4.2432569754e+01 9.5062453760e-01
4.3092511306e+01 9.5157521467e-01
4.3762626879e+01 9.5251174964e-01
4.4443096089e+01 9.5343427760e-01
4.5134102545e+01 9.5434293366e-01
4.5835833795e+01 9.5523785275e-01
4.6548481766e+01 9.5611917000e-01
4.7272242360e+01 9.5698702008e-01
4.8007316194e+01 9.5784153793e-01
4.8753908152e+01 9.5868285805e-01
4.9512227752e+01 9.5951111479e-01
5.0282489428e+01 9.6032644249e-01
5.1064912350e+01 9.6112897511e-01
5.1859720635e+01 9.6191884630e-01
5.2667143693e+01 9.6269618962e-01
5.3487416044e+01 9.6346113813e-01
5.4320777818e+01 9.6421382479e-01
5.5167474616e+01 9.6495438210e-01
5.6027757874e+01 9.6568294230e-01
5.6901884779e+01 9.6639963714e-01
5.7790118604e+01 9.6710459801e-01
5.8692728883e+01 9.6779795591e-01
5.9609991623e+01 9.6847984146e-01
6.0542189269e+01 9.6915038471e-01
6.1489611010e+01 9.6980971526e-01
6.2452553167e+01 9.7045796232e-01
6.3431319140e+01 9.7109525456e-01
6.4426219630e+01 9.7172172007e-01
6.5437572899e+01 9.7233748641e-01
6.6465705099e+01 9.7294268065e-01
6.7510950436e+01 9.7353742931e-01
6.8573651282e+01 9.7412185827e-01
6.9654158486e+01 9.7469609281e-01
7.0752831847e+01 9.7526025770e-01
7.1870039708e+01 9.7581447687e-01
7.3006160131e+01 9.7635887381e-01
7.4161580680e+01 9.7689357135e-01
7.5336698628e+01 9.7741869160e-01
7.6531921378e+01 9.7793435599e-01
7.7747666900e+01 9.7844068533e-01
7.8984363734e+01 9.7893779964e-01
8.0242451612e+01 9.7942581827e-01
8.1522381678e+01 9.7990485989e-01
8.2824616913e+01 9.8037504242e-01
8.4149632216e+01 9.8083648299e-01
8.5497915441e+01 9.8128929812e-01
8.6869966884e+01 9.8173360342e-01
8.8266300485e+01 9.8216951385e-01
8.9687443736e+01 9.8259714353e-01
9.1133938389e+01 9.8301660582e-01
9.2606340662e+01 9.8342801327e-01
9.4105222238e+01 9.8383147772e-01
9.5631169969e+01 9.8422711010e-01
9.7184786855e+01 9.8461502055e-01
9.8766692746e+01 9.8499531847e-01
1.0037752422e+02 9.8536811232e-01
1.0201793598e+02 9.8573350984e-01
1.0368860079e+02 9.8609161789e-01
1.0539021025e+02 9.8644254247e-01
1.0712347565e+02 9.8678638878e-01
1.0888912829e+02 9.8712326114e-01
1.1068792039e+02 9.8745326303e-01
1.1252062582e+02 9.8777649707e-01
1.1438804042e+02 9.8809306501e-01
1.1629098348e+02 9.8840306776e-01
1.1823029793e+02 9.8870660535e-01
1.2020685117e+02 9.8900377691e-01
1.2222153645e+02 9.8929468075e-01
1.2427527293e+02 9.8957941422e-01
1.2636900757e+02 9.8985807387e-01
1.2850371517e+02 9.9013075531e-01
1.3068040029e+02 9.9039755333e-01
1.3290009733e+02 9.9065856176e-01
1.3516387256e+02 9.9091387363e-01
1.3747282422e+02 9.9116358098e-01
1.3982808485e+02 9.9140777506e-01
1.4223082146e+02 9.9164654616e-01
1.4468223756e+02 9.9187998371e-01
1.4718357373e+02 9.9210817621e-01
1.4973611006e+02 9.9233121133e-01
1.5234116646e+02 9.9254917578e-01
1.5500010492e+02 9.9276215542e-01
1.5771433123e+02 9.9297023524e-01
1.6048529570e+02 9.9317349927e-01
1.6331449575e+02 9.9337203070e-01
1.6620347743e+02 9.9356591184e-01
1.6915383652e+02 9.9375522403e-01
1.7216722191e+02 9.9394004779e-01
1.7524533688e+02 9.9412046277e-01
1.7838994116e+02 9.9429654768e-01
1.8160285295e+02 9.9446838037e-01
1.8488595212e+02 9.9463603782e-01
1.8824118153e+02 9.9479959610e-01
1.9167055030e+02 9.9495913042e-01
1.9517613593e+02 9.9511471509e-01
1.9876008819e+02 9.9526642359e-01
2.0242463078e+02 9.9541432849e-01
2.0617206490e+02 9.9555850151e-01
2.1000477241e+02 9.9569901349e-01
2.1392521992e+02 9.9583593443e-01
2.1793595979e+02 9.9596933341e-01
2.2203963769e+02 9.9609927872e-01
2.2623899256e+02 9.9622583776e-01
2.3053686363e+02 9.9634907707e-01
2.3493619244e+02 9.9646906235e-01
2.3944002949e+02 9.9658585848e-01
2.4405153700e+02 9.9669952945e-01
2.4877399470e+02 9.9681013846e-01
2.5361080473e+02 9.9691774782e-01
2.5856549763e+02 9.9702241907e-01
2.6364173809e+02 9.9712421289e-01
2.6884332856e+02 9.9722318913e-01
2.7417421967e+02 9.9731940685e-01
2.7963851251e+02 9.9741292425e-01
2.8524047018e+02 9.9750379877e-01
2.9098451979e+02 9.9759208700e-01
2.9687526591e+02 9.9767784476e-01
3.0291749450e+02 9.9776112706e-01
3.0911618284e+02 9.9784198811e-01
3.1547650936e+02 9.9792048135e-01
3.2200386155e+02 9.9799665940e-01
3.2870384858e+02 9.9807057416e-01
3.3558230917e+02 9.9814227670e-01
3.4264532436e+02 9.9821181734e-01
3.4989923024e+02 9.9827924566e-01
3.5735062734e+02 9.9834461044e-01
3.6500639683e+02 9.9840795973e-01
3.7287371603e+02 9.9846934083e-01
3.8096006530e+02 9.9852880028e-01
3.8927325649e+02 9.9858638390e-01
3.9782143644e+02 9.9864213676e-01
4.0661311354e+02 9.9869610322e-01
4.1565717412e+02 9.9874832690e-01
4.2496289975e+02 9.9879885071e-01
4.3453999119e+02 9.9884771684e-01
4.4439859366e+02 9.9889496680e-01
4.5454930780e+02 9.9894064137e-01
4.6500322998e+02 9.9898478062e-01
4.7577197393e+02 9.9902742399e-01
4.8686769679e+02 9.9906861018e-01
4.9830312672e+02 9.9910837723e-01
5.0000000000e+02 9.9911406038e-01
